$ 1 0.000005 0.08464817248906141 67 5 43 5e-11
151 448 272 624 272 2 2 0 5
151 784 288 976 288 2 2 5 5
w 976 288 976 176 0
r 976 176 448 176 0 100000
w 448 176 448 256 0
w 448 288 448 304 0
w 784 272 784 304 0
w 784 272 736 272 1
f 1136 288 1136 176 41 2.4 0.02
R 1056 176 1056 96 0 0 40 5 0 0 0.5
w 1120 176 1056 176 0
x 1200 167 1256 170 4 24 V\sout
w 1280 176 1152 176 0
g 1280 432 1280 512 0 0
162 1280 368 1280 432 2 default-led 1 0 0 0.01
r 1280 288 1280 368 0 33
w 1136 288 976 288 0
w 448 416 448 448 0
w 784 400 784 448 0
w 448 448 784 448 0
c 784 448 784 544 0 1e-7 0.2846642567132345 0.001
g 784 544 784 624 0 0
r 784 304 784 400 0 100000
207 1120 176 1120 128 4 PWR_IN
207 784 304 944 368 4 KILL
r 736 272 624 272 0 1000
w 448 256 448 288 0
r 1520 688 1616 688 0 100000
s 448 416 448 304 0 1 true
207 1392 176 1488 176 4 PWR_OUT
w 1728 688 1616 688 1
207 1776 416 1776 368 4 PWR_OUT
t 1936 672 1984 672 0 1 -0.0006564558394501615 0.0021440570548447255 100 default
r 1776 592 1776 672 0 10000
w 1984 496 1984 656 1
w 1776 416 1728 416 0
w 1776 416 1776 592 1
g 1776 704 1776 848 0 0
w 1776 672 1936 672 0
g 1984 768 1984 832 0 0
207 1984 496 1984 448 4 KILL
f 1728 688 1776 688 32 1.8 0.02
p 1936 672 1936 592 1 0 0
R 1520 768 1456 768 0 2 2 2.5 2.5 4.71238898038469 0.5
r 1520 688 1520 768 0 100000
c 1728 416 1728 688 0 0.000002 1.212123418201404 0.001
r 1936 672 1936 768 0 10000
w 1984 688 1984 768 0
w 1936 768 1984 768 0
w 1392 176 1280 176 1
w 1280 176 1280 288 1
p 1728 688 1552 464 1 0 0
o 43 256 0 12547 5 0.0001 0 1
o 45 256 0 12547 1.7057233059946133 0.0001 1 1
