$ 1 0.000005 58.6985430941709 68 5 43 5e-11
151 448 272 624 272 2 2 12 12
151 784 288 976 288 2 2 0 12
w 976 288 976 176 0
r 976 176 448 176 0 390000
w 448 176 448 256 0
w 448 288 448 304 0
w 784 272 784 304 0
w 784 272 704 272 1
f 1136 288 1136 176 41 2.4 0.02
R 1056 176 1056 96 0 0 40 12 0 0 0.5
w 1120 176 1056 176 0
x 1200 167 1256 170 4 24 V\sout
w 1280 176 1152 176 0
g 1280 432 1280 512 0 0
162 1280 368 1280 432 2 default-led 1 0 0 0.01
r 1280 288 1280 368 0 33
w 1136 288 976 288 0
w 448 416 448 448 0
w 784 400 784 448 1
w 448 448 784 448 0
c 784 448 784 544 0 1e-7 11.60795082217435 0.001
g 784 544 784 624 0 0
r 784 304 784 400 0 1000000
207 1120 176 1120 128 4 PWR_IN
w 448 256 448 288 0
s 448 416 448 304 0 1 false
207 1392 176 1488 176 4 PWR_OUT
w 1392 176 1280 176 1
w 1280 176 1280 288 1
p 784 448 912 448 1 0 0
p 448 288 368 288 1 0 0
p 1136 288 1136 352 1 0 0
r 704 272 624 272 0 47000
p 784 272 784 224 1 0 0
w 784 448 704 496 0
r 704 496 704 544 0 31000000
g 704 544 704 592 0 0
o 20 4 0 x83113 11.995669112896303 0.0001 0 1 5 0
