$ 1 0.000005 0.18682459574322224 71 5 43 5e-11
f -48 288 -48 352 32 2.4 0.02
r -176 224 -176 352 0 2200
w -64 352 -176 352 0
w -176 352 -272 352 0
w -176 224 -48 224 0
w -48 224 -48 288 0
w -176 224 -384 224 0
R -384 224 -384 128 0 0 40 5 0 0 0.5
r 64 224 64 352 0 2200
w 64 352 -32 352 1
w 64 224 160 224 0
R 160 224 160 144 0 0 40 12 0 0 0.5
w 64 352 176 352 0
g -384 368 -384 416 0 0
S -272 352 -384 352 0 1 false 0 2
r -384 224 -384 336 0 1000
207 -272 352 -272 400 4 IN
207 176 352 176 400 4 OUT
f 176 352 256 352 33 2.6 0.02
w 256 336 256 288 1
g 256 368 256 432 0 0
w 256 288 256 224 0
r 256 224 160 224 0 1000
r -400 -224 -400 -112 0 1000
S -288 -96 -400 -96 0 0 false 0 2
g -400 16 -400 64 0 0
R -400 -224 -400 -320 0 0 40 5 0 0 0.5
w -240 -224 -400 -224 0
w -240 -224 -240 -192 1
g -240 -80 -240 64 0 0
r -240 -192 -240 -112 0 3300
R -32 -240 -32 -320 0 0 40 12 0 0 0.5
r -400 -32 -400 16 0 6000000
w -400 -32 -400 -80 1
t -288 -96 -240 -96 0 1 -2.4513826063594863 0.00001530829116748728 100 default
w -240 -112 -80 -112 0
t -80 -112 -32 -112 0 1 0.5847305190942196 0.6586198908431631 100 default
r -32 -240 -32 -128 0 1000
g -32 -16 -32 48 0 0
162 -32 -96 -32 -16 2 default-led 1 0 0 0.01
162 1008 0 1008 80 2 default-led 1 0 0 0.01
g 1008 80 1008 144 0 0
r 1008 -144 1008 -32 0 1000
w 800 -16 960 -16 0
w 640 64 640 16 1
r 640 64 640 112 0 6000000
R 1008 -192 1008 -272 0 0 40 12 0 0 0.5
g 800 16 800 160 0 0
w 800 -128 800 -96 1
w 800 -128 640 -128 0
R 640 -128 640 -224 0 0 40 5 0 0 0.5
g 640 112 640 160 0 0
S 752 0 640 0 0 0 false 0 2
r 640 -128 640 -16 0 1000
f 752 0 800 0 32 1.1 0.02
f 960 -16 1008 -16 32 1.1 0.02
w 1008 -192 1008 -144 1
r 960 -16 960 80 0 470000
g 960 80 960 144 0 0
r 752 0 752 80 0 470000
g 752 80 752 160 0 0
r 800 -96 800 -16 0 100000
p 800 -16 896 96 1 0 0
o 16 128 0 x83113 5.000165981963597 0.0001 0 1 5 0
o 17 128 0 x81113 0.7499668036072809 0.0001 1 1 5 0
